COUNT(*)
2908
